0.125664 1 4.46281e-10 1.84113e-22 1.65331e-14 2.12614e-37 1.3811e-27
0.251327 0.999995 5.19985e-06 4.79884e-13 1.05995e-12 2.0794e-25 1.81365e-23
0.376991 0.999854 0.000146411 1.00129e-09 2.00427e-09 1.57568e-20 2.62998e-19
0.502655 0.99913 0.000870091 5.55577e-08 9.14951e-08 5.83061e-18 3.63188e-17
0.628319 0.99729 0.00270882 6.89534e-07 9.41019e-07 2.3951e-16 7.75113e-16
0.753982 0.993978 0.00601322 3.9372e-06 4.54612e-06 3.14737e-15 6.32293e-15
0.879646 0.989084 0.0108874 1.41532e-05 1.41865e-05 2.09715e-14 2.92476e-14
1.00531 0.982709 0.0172194 3.75601e-05 3.35808e-05 8.95328e-14 9.36935e-14
1.13097 0.975116 0.0247373 8.05156e-05 6.59641e-05 2.79521e-13 2.32502e-13
1.25664 0.96667 0.0330692 0.000147301 0.00011354 6.91811e-13 4.78471e-13
1.3823 0.957785 0.0417992 0.00023836 0.000177298 1.43033e-12 8.53294e-13
1.50796 0.948877 0.0505162 0.000349624 0.000257054 2.56012e-12 1.3585e-12
1.63363 0.940324 0.058851 0.000473054 0.000351595 4.06868e-12 1.97147e-12
1.75929 0.93244 0.0665034 0.00059818 0.000458828 5.8494e-12 2.64844e-12
1.88496 0.925454 0.0732564 0.000714122 0.000575955 7.71619e-12 3.33201e-12
2.01062 0.919507 0.0789817 0.000811573 0.0006996 9.44549e-12 3.96264e-12
2.13628 0.914653 0.0836368 0.000884301 0.000825955 1.08309e-11 4.48914e-12
2.26195 0.910865 0.0872544 0.000929897 0.000950948 1.17317e-11 4.87876e-12
2.38761 0.908052 0.0899283 0.000949782 0.00107034 1.21024e-11 5.12056e-12
2.51327 0.906077 0.0917945 0.000948535 0.00117998 1.19953e-11 5.22631e-12
2.63894 0.904777 0.0930138 0.000932863 0.00127591 1.15423e-11 5.22579e-12
2.7646 0.903985 0.0937502 0.000910321 0.00135463 1.092e-11 5.16058e-12
2.89027 0.903545 0.0941539 0.000888159 0.00141311 1.03129e-11 5.07409e-12
3.01593 0.903334 0.0943445 0.000872285 0.00144914 9.87847e-12 5.00491e-12
